image: mymap.pgm
resolution: 0.050000
origin: [-10.501483, -6.594489, 0.000000]
negate: 0
occupied_thresh: 0.65
free_thresh: 0.196

